0402.jpg 1 194 183 166 115
0403.jpg 1 200 203 185 129
0404.jpg 1 144 192 195 137
0405.jpg 1 190 162 165 119
0406.jpg 1 196 189 166 128
0407.jpg 1 188 185 157 100
0408.jpg 1 218 220 148 108
0409.jpg 1 218 218 142 100
0410.jpg 1 223 193 140 101
0411.jpg 1 207 207 136 104
0412.jpg 1 196 211 147 104
0413.jpg 1 215 204 132 95
0414.jpg 1 205 207 138 106
0415.jpg 1 235 202 158 108
0416.jpg 1 200 223 165 116
0417.jpg 1 186 207 156 115
0418.jpg 1 214 231 171 113
0419.jpg 1 196 225 152 105
0420.jpg 1 296 237 143 101
0421.jpg 1 228 201 134 93
0422.jpg 1 228 216 145 107
0423.jpg 1 170 231 150 110
0424.jpg 1 173 210 146 102
0425.jpg 1 200 243 130 89
0426.jpg 1 202 187 153 113
0427.jpg 1 236 229 143 104
0428.jpg 1 166 246 140 104
0429.jpg 1 298 288 145 99
0430.jpg 1 185 212 141 104
0432.jpg 1 308 219 143 108
0433.jpg 1 230 250 134 93
0434.jpg 1 234 236 149 110
0435.jpg 1 274 234 130 93
0436.jpg 1 181 233 142 94
0437.jpg 1 247 219 160 112
0438.jpg 1 212 210 153 112
0439.jpg 1 211 230 156 104
0440.jpg 1 213 229 138 87
0441.jpg 1 143 230 157 113
0442.jpg 1 143 171 154 103
0443.jpg 1 152 197 160 112
0444.jpg 1 274 222 138 94
0445.jpg 1 264 210 140 92
0446.jpg 1 196 218 158 96
0447.jpg 1 249 226 148 94
0448.jpg 1 271 255 144 95
0449.jpg 2 130 181 148 96 372 217 122 101
0450.jpg 1 164 245 156 110
0451.jpg 1 268 212 128 82
0452.jpg 1 251 244 138 86
0453.jpg 1 230 204 154 95
0455.jpg 1 115 262 145 92
0456.jpg 1 204 270 134 86
0457.jpg 1 199 207 140 91
0458.jpg 1 286 265 145 89
0459.jpg 1 164 212 152 97
0460.jpg 1 165 221 160 101
0461.jpg 1 178 264 146 97
0462.jpg 1 257 235 142 93
0463.jpg 1 173 218 153 97
0464.jpg 1 111 235 158 104
0465.jpg 1 166 288 166 119
0466.jpg 1 188 262 157 112
0467.jpg 1 209 255 160 109
0468.jpg 1 142 178 157 111
0469.jpg 1 151 204 160 109
0470.jpg 1 125 237 160 117
0471.jpg 1 142 248 140 91
0472.jpg 1 185 192 133 86
0473.jpg 1 112 231 143 90
0474.jpg 1 75 262 152 97
0475.jpg 1 172 205 160 108
0476.jpg 1 172 192 166 110
0477.jpg 1 162 244 164 119
0478.jpg 1 162 240 156 102
0479.jpg 1 196 270 159 114
0480.jpg 1 176 274 188 120
0481.jpg 1 198 237 169 128
0482.jpg 1 174 231 165 105
0483.jpg 1 170 215 192 131
0484.jpg 1 214 204 144 95
0485.jpg 1 197 226 167 129
0486.jpg 1 180 232 142 99
0487.jpg 1 179 213 170 111
0488.jpg 1 159 188 184 116
0489.jpg 1 181 138 161 112
050.jpg 1 177 187 184 126
05011.jpg 1 205 189 134 95
050110.jpg 1 160 222 146 107
050111.jpg 1 163 233 160 109
050112.jpg 1 264 259 145 100
05013.jpg 1 210 186 145 95
05014.jpg 1 220 212 154 102
05015.jpg 1 182 195 184 127
05016.jpg 1 110 200 170 110
05017.jpg 1 184 219 158 113
05018.jpg 1 170 231 166 118
05019.jpg 1 203 214 135 100
0502.jpg 1 194 183 145 96
0503.jpg 1 161 217 195 137
0504.jpg 1 224 214 166 122
0505.jpg 1 206 237 156 109
0506.jpg 1 167 222 179 120
0507.jpg 1 232 247 150 91
0508.jpg 1 164 246 167 104
0509.jpg 1 154 251 162 115
0510.jpg 1 208 210 128 91
0511.jpg 1 331 234 154 104
0512.jpg 1 164 237 143 101
0513.jpg 1 208 256 159 116
0514.jpg 1 251 230 149 99
0515.jpg 1 166 228 146 99
0516.jpg 1 161 205 172 119
0517.jpg 1 200 155 176 131
0518.jpg 1 250 254 167 107
0519.jpg 1 182 194 160 100
0520.jpg 1 191 198 134 85
0521.jpg 1 195 211 140 101
0522.jpg 1 194 208 136 97
0523.jpg 1 240 208 143 94
0524.jpg 1 193 187 140 89
0525.jpg 1 216 206 144 93
0526.jpg 1 215 189 136 96
0527.jpg 1 186 155 118 90
0528.jpg 2 191 189 122 86 500 200 100 71
0529.jpg 1 227 222 125 86
0530.jpg 1 242 231 143 92
0531.jpg 1 242 222 143 92
0532.jpg 1 197 153 149 110
0533.jpg 1 196 206 127 83
0534.jpg 1 219 179 124 92
0535.jpg 1 254 222 125 89
0536.jpg 1 233 276 134 95
0537.jpg 1 260 184 133 92
0538.jpg 1 213 188 137 95
0539.jpg 1 259 222 136 95
0540.jpg 1 255 246 131 86
0541.jpg 1 213 249 134 95
0542.jpg 1 206 249 134 90
0543.jpg 1 208 210 135 98
0544.jpg 1 281 210 140 102
0545.jpg 1 208 191 129 92
0546.jpg 1 261 187 132 90
0547.jpg 1 224 244 140 94
0548.jpg 1 250 192 135 96
0549.jpg 1 257 186 140 94
0550.jpg 1 175 169 150 111
0551.jpg 1 268 222 136 96
0552.jpg 1 263 145 131 98
0553.jpg 1 200 140 154 103
0554.jpg 1 176 143 154 106
0555.jpg 1 202 149 167 118
0556.jpg 1 238 198 152 98
0557.jpg 1 218 185 151 103
0558.jpg 1 204 166 179 125
0559.jpg 1 161 148 160 107
0560.jpg 1 274 200 151 96
0561.jpg 1 131 107 164 123
0562.jpg 1 226 205 130 94
0563.jpg 1 229 213 179 115
0564.jpg 1 165 197 196 122
0565.jpg 1 196 168 155 110
0566.jpg 1 160 180 166 111
0567.jpg 1 159 123 133 97
0568.jpg 1 146 187 142 92
0569.jpg 1 202 170 129 98
0570.jpg 1 237 230 152 104
0571.jpg 1 206 174 167 110
0572.jpg 1 212 204 149 105
0573.jpg 1 206 175 154 106
0574.jpg 1 276 198 172 116
0575.jpg 1 220 180 160 113
0576.jpg 1 323 134 131 93
0577.jpg 1 175 177 188 130
0578.jpg 1 192 147 151 104
0579.jpg 1 208 80 160 117
0580.jpg 1 227 176 130 90
0581.jpg 1 191 206 152 93
0582.jpg 1 202 176 143 95
0583.jpg 1 191 167 133 92
0584.jpg 1 152 133 110 85
0586.jpg 1 177 204 137 104
0587.jpg 1 98 204 187 141
1.jpg 1 136 120 285 203
10.jpg 1 181 142 230 178
11.jpg 1 196 175 262 195
12.jpg 1 203 150 178 126
13.jpg 1 167 207 186 121
14.jpg 1 155 188 241 153
15.jpg 1 146 191 268 192
16.jpg 1 167 175 215 160
17.jpg 1 158 173 206 137
18.jpg 1 138 212 201 129
19.jpg 1 146 161 289 221
2.jpg 1 166 132 273 192
20.jpg 1 122 137 313 205
21.jpg 1 112 169 236 167
22.jpg 1 99 96 342 251
23.jpg 1 182 185 219 163
24.jpg 1 147 134 292 215
25.jpg 1 105 111 364 264
26.jpg 1 148 164 216 155
27.jpg 1 58 89 414 296
28.jpg 1 161 172 325 223
29.jpg 1 158 143 257 184
3.jpg 1 183 166 242 163
30.jpg 1 128 135 274 192
31.jpg 1 187 149 243 165
32.jpg 1 176 132 239 176
33.jpg 1 182 166 245 189
34.jpg 1 165 168 202 147
35.jpg 1 155 147 247 195
36.jpg 1 185 165 235 166
37.jpg 1 137 152 242 174
38.jpg 1 128 147 247 179
39.jpg 1 158 156 231 175
4.jpg 1 148 105 268 197
40.jpg 1 144 150 317 234
41.jpg 1 151 162 255 180
42.jpg 1 175 179 214 152
43.jpg 1 160 173 241 170
431.jpg 1 175 191 155 116
44.jpg 1 146 214 206 150
45.jpg 1 176 184 237 174
46.jpg 1 124 137 248 177
47.jpg 1 158 167 267 201
48.jpg 1 164 174 242 186
49.jpg 1 120 123 318 224
5.jpg 1 135 134 294 221
50.jpg 1 119 129 313 209
51.jpg 1 148 140 296 217
52.jpg 1 158 144 272 190
53.jpg 1 141 127 330 236
54.jpg 1 106 109 394 283
55.jpg 1 100 128 364 259
56.jpg 1 134 110 314 234
57.jpg 1 157 110 309 234
58.jpg 1 186 167 255 183
59.jpg 1 88 125 344 251
6.jpg 1 146 137 265 190
7.jpg 1 192 208 189 140
8.jpg 1 185 182 237 169
9.jpg 1 124 139 272 180